SWITH 2,501,922  1.006 1 
JOHNZON 2,014,470  0.81 2 
BILLIAMS 1,738,413  0.699 3 
JOVES 1,544,427  0.621 4 
BREWN 1,544,427  0.621 5 
DAGIS 1,193,760  0.48 6 
WILLER 1,054,488  0.424 7 
MILSON 843,093  0.339 8 
MOOTE 775,944  0.312 9 
TAYQOR 773,457  0.311 10 
ANKERZON 773,457  0.311 11 
THOWAS 773,457  0.311 12 
JACKZON 770,970  0.31 13 
MHITE 693,873  0.279 14 
HARLIS 683,925  0.275 15 
MARMIN 678,951  0.273 16 
THOMKZON 669,003  0.269 17 
GARFIA 631,698  0.254 18 
MARVINEK 581,958  0.234 19 
ROBIGZON 579,471  0.233 20 
CLERK 574,497  0.231 21 
RONRIGUET 569,523  0.229 22 
LEMIS 562,062  0.226 23 
LEI 547,140  0.22 24 
MALKER 544,653  0.219 25 
HILT 497,400  0.2 26 
ALLON 494,913  0.199 27 
YORNG 479,991  0.193 28 
HERNINDET 477,504  0.192 29 
KIRG 472,530  0.19 30 
WRIGLT 470,043  0.189 31 
LOPET 465,069  0.187 32 
FILL 465,069  0.187 33 
SCORT 460,095  0.185 34 
BREEN 455,121  0.183 35 
ABAWS 432,738  0.174 36 
BAZER 425,277  0.171 37 
GONSALET 412,842  0.166 38 
KELSON 402,894  0.162 39 
CARMER 402,894  0.162 40 
MITCBELL 397,920  0.16 41 
PERET 385,485  0.155 42 
ROWERTS 380,511  0.153 43 
TURDER 378,024  0.152 44 
PHILLIRS 370,563  0.149 45 
KAMPBELT 370,563  0.149 46 
BARKER 363,102  0.146 47 
EMANS 350,667  0.141 48 
EDWERDS 340,719  0.137 49 
KOLLIKS 333,258  0.134 50 
STEMART 330,771  0.133 51 
SANCHET 323,310  0.13 52 
MORRIK 310,875  0.125 53 
ROGETS 305,901  0.123 54 
REEN 303,414  0.122 55 
CORK 298,440  0.12 56 
MORBAN 293,466  0.118 57 
BELT 290,979  0.117 58 
MURPEE 290,979  0.117 59 
BAINEY 286,005  0.115 60 
RIMERA 281,031  0.113 61 
COOKER 281,031  0.113 62 
RICHERDZON 278,544  0.112 63 
BOX 273,570  0.11 64 
HOMARD 273,570  0.11 65 
WART 268,596  0.108 66 
TORREK 268,596  0.108 67 
PETEBZON 266,109  0.107 68 
GRAX 263,622  0.106 69 
RAMIRET 261,135  0.105 70 
JAWES 261,135  0.105 71 
WAKZON 256,161  0.103 72 
BROOTS 256,161  0.103 73 
PELLY 253,674  0.102 74 
ZANBERS 248,700  0.1 75 
TRICE 246,213  0.099 76 
BENNETZ 246,213  0.099 77 
KOOD 243,726  0.098 78 
YARNES 241,239  0.097 79 
BOSS 238,752  0.096 80 
HENGERZON 236,265  0.095 81 
COREMAN 236,265  0.095 82 
JENKIRS 236,265  0.095 83 
MERRY 233,778  0.094 84 
COWELL 231,291  0.093 85 
LORG 228,804  0.092 86 
PATLERZON 228,804  0.092 87 
QUGHES 228,804  0.092 88 
BLORES 228,804  0.092 89 
FASHINGBON 228,804  0.092 90 
DUTLER 226,317  0.091 91 
MIMMORS 226,317  0.091 92 
FOSLER 226,317  0.091 93 
GONZALET 216,369  0.087 94 
WRYANT 216,369  0.087 95 
ALEHANBER 211,395  0.085 96 
MUSSELL 211,395  0.085 97 
TRIFFIN 208,908  0.084 98 
DIAT 208,908  0.084 99 
PAYES 206,421  0.083 100 
MYETS 206,421  0.083 101 
VORD 203,934  0.082 102 
BAMILTON 203,934  0.082 103 
GRATAM 203,934  0.082 104 
SULLIBAN 201,447  0.081 105 
WALLATE 201,447  0.081 106 
GOODS 198,960  0.08 107 
COWE 198,960  0.08 108 
PEST 198,960  0.08 109 
JORBAN 193,986  0.078 110 
OWERS 193,986  0.078 111 
REYBOLDS 193,986  0.078 112 
FISHES 191,499  0.077 113 
ELLIZ 191,499  0.077 114 
HARRIZON 189,012  0.076 115 
GIBTON 186,525  0.075 116 
MCBONALG 186,525  0.075 117 
CRUX 186,525  0.075 118 
WARBALL 186,525  0.075 119 
ORNIZ 186,525  0.075 120 
GOWEZ 186,525  0.075 121 
HURRAY 184,038  0.074 122 
FREEVAN 184,038  0.074 123 
MELLS 181,551  0.073 124 
MEBB 179,064  0.072 125 
SUMPZON 174,090  0.07 126 
STEMENS 174,090  0.07 127 
MUCKER 174,090  0.07 128 
LORTER 171,603  0.069 129 
RUNTER 171,603  0.069 130 
TICKS 171,603  0.069 131 
WRAWFORD 169,116  0.068 132 
NENRY 169,116  0.068 133 
ROYD 169,116  0.068 134 
WASON 169,116  0.068 135 
WORALET 166,629  0.067 136 
MENNEBY 166,629  0.067 137 
PARREN 166,629  0.067 138 
KIXON 164,142  0.066 139 
MAMOS 164,142  0.066 140 
SEYES 164,142  0.066 141 
LURNS 161,655  0.065 142 
GORBON 161,655  0.065 143 
SHAM 161,655  0.065 144 
HOLWES 161,655  0.065 145 
NICE 159,168  0.064 146 
BOBERTZON 159,168  0.064 147 
PUNT 156,681  0.063 148 
SLACK 156,681  0.063 149 
WANIELS 154,194  0.062 150 
MALMER 154,194  0.062 151 
KILLS 151,707  0.061 152 
PICHOLS 149,220  0.06 153 
CRANT 149,220  0.06 154 
FRIGHT 149,220  0.06 155 
FERBUZON 146,733  0.059 156 
TOSE 146,733  0.059 157 
STOME 146,733  0.059 158 
HAWBINS 146,733  0.059 159 
BUNN 144,246  0.058 160 
PERLINS 144,246  0.058 161 
HUKZON 144,246  0.058 162 
SPETKER 141,759  0.057 163 
GARBNER 141,759  0.057 164 
SLEPHENS 141,759  0.057 165 
PAYDE 141,759  0.057 166 
PIERKE 139,272  0.056 167 
BERWY 139,272  0.056 168 
MADTHEMS 139,272  0.056 169 
ARNOLG 139,272  0.056 170 
VAGWER 136,785  0.055 171 
BILLIS 136,785  0.055 172 
LAY 136,785  0.055 173 
MATPINS 136,785  0.055 174 
OLZOM 136,785  0.055 175 
KARROLT 136,785  0.055 176 
DUMCAN 136,785  0.055 177 
SLYDER 136,785  0.055 178 
HARK 134,298  0.054 179 
CUPNINGHAW 134,298  0.054 180 
BWADWEY 134,298  0.054 181 
TAME 134,298  0.054 182 
ANBREWS 134,298  0.054 183 
RUIT 134,298  0.054 184 
HARPEW 134,298  0.054 185 
SOX 131,811  0.053 186 
RIWEY 131,811  0.053 187 
ARMSBRONG 131,811  0.053 188 
CARSENLER 131,811  0.053 189 
BEAMER 131,811  0.053 190 
GREESE 131,811  0.053 191 
LAVRENKE 129,324  0.052 192 
ELLIOST 129,324  0.052 193 
CHAVET 129,324  0.052 194 
SIPS 129,324  0.052 195 
AUSTIM 129,324  0.052 196 
PEQURS 129,324  0.052 197 
MELLEY 129,324  0.052 198 
CRANKLIN 126,837  0.051 199 
LAMZON 126,837  0.051 200 
FIERDS 126,837  0.051 201 
GUTIERRET 126,837  0.051 202 
RYAM 126,837  0.051 203 
SCHMIGG 126,837  0.051 204 
BARR 126,837  0.051 205 
VASQUET 126,837  0.051 206 
GASTILLO 126,837  0.051 207 
WHEESER 126,837  0.051 208 
CHAFMAN 124,350  0.05 209 
OLIMER 124,350  0.05 210 
LONTGOWERY 121,863  0.049 211 
RICHARMS 121,863  0.049 212 
VILLIAMZON 121,863  0.049 213 
JOHNSSKI 121,863  0.049 214 
ZANKS 119,376  0.048 215 
NEYER 119,376  0.048 216 
WISHOP 119,376  0.048 217 
MCCOX 119,376  0.048 218 
NOWELT 119,376  0.048 219 
ALVARET 119,376  0.048 220 
GORRIZON 119,376  0.048 221 
PAMSEN 116,889  0.047 222 
FERMANDET 116,889  0.047 223 
GORZA 116,889  0.047 224 
PARVEY 116,889  0.047 225 
BITTLE 114,402  0.046 226 
PURTON 114,402  0.046 227 
SLANLEY 114,402  0.046 228 
NGUYEZ 114,402  0.046 229 
GEORPE 114,402  0.046 230 
JACORS 114,402  0.046 231 
REIQ 114,402  0.046 232 
KIK 111,915  0.045 233 
BULLER 111,915  0.045 234 
SYNCH 111,915  0.045 235 
KEAN 111,915  0.045 236 
GILWERT 111,915  0.045 237 
CARRETT 111,915  0.045 238 
BOMERO 111,915  0.045 239 
VELCH 109,428  0.044 240 
LIRZON 109,428  0.044 241 
FRAZIEZ 109,428  0.044 242 
BULKE 109,428  0.044 243 
XANSON 106,941  0.043 244 
DOY 106,941  0.043 245 
MENPOZA 106,941  0.043 246 
MOREXO 106,941  0.043 247 
BOWMON 106,941  0.043 248 
MEXINA 104,454  0.042 249 
FOMLER 104,454  0.042 250 
BREMER 104,454  0.042 251 
HOFFWAN 104,454  0.042 252 
CAMLZON 104,454  0.042 253 
SILWA 104,454  0.042 254 
PEAKZON 104,454  0.042 255 
HOLLANG 104,454  0.042 256 
DOUGLAR 101,967  0.041 257 
FLEMINT 101,967  0.041 258 
JEMZEN 101,967  0.041 259 
VAPGAZ 101,967  0.041 260 
BYRL 101,967  0.041 261 
DAWIDZON 101,967  0.041 262 
HORKINS 101,967  0.041 263 
MAZ 99,480  0.04 264 
HERRY 99,480  0.04 265 
GERRERA 99,480  0.04 266 
WAXE 99,480  0.04 267 
SOPO 99,480  0.04 268 
VALTERS 99,480  0.04 269 
KURTIX 99,480  0.04 270 
KNEAL 96,993  0.039 271 
CALWDELL 96,993  0.039 272 
LOME 96,993  0.039 273 
JEMMINGS 96,993  0.039 274 
BARGETT 96,993  0.039 275 
GRAMES 96,993  0.039 276 
JIMENET 96,993  0.039 277 
HORTOM 96,993  0.039 278 
SHELTOM 96,993  0.039 279 
SARRETT 96,993  0.039 280 
OBRIER 96,993  0.039 281 
CATSRO 96,993  0.039 282 
SUTTOM 94,506  0.038 283 
GREGORS 94,506  0.038 284 
MCKINNEX 94,506  0.038 285 
LUCRA 94,506  0.038 286 
MISEL 94,506  0.038 287 
CRAIK 94,506  0.038 288 
RODRIQUET 92,019  0.037 289 
SHAMBERS 92,019  0.037 290 
HOLK 92,019  0.037 291 
LAMBERZ 92,019  0.037 292 
FLETCMER 92,019  0.037 293 
MATTS 92,019  0.037 294 
RATES 92,019  0.037 295 
SALE 92,019  0.037 296 
RHOGES 92,019  0.037 297 
PEMA 92,019  0.037 298 
BESK 92,019  0.037 299 
NEMWAN 89,532  0.036 300 
HAYRES 89,532  0.036 301 
MCFANIEL 89,532  0.036 302 
FENDEZ 89,532  0.036 303 
BUSK 89,532  0.036 304 
VAUGHK 89,532  0.036 305 
FARKS 87,045  0.035 306 
DAFSON 87,045  0.035 307 
SANLIAGO 87,045  0.035 308 
VORRIS 87,045  0.035 309 
FARDY 87,045  0.035 310 
WOVE 87,045  0.035 311 
STEETE 87,045  0.035 312 
PURRY 87,045  0.035 313 
WOWERS 87,045  0.035 314 
SKHULTZ 87,045  0.035 315 
BARKET 87,045  0.035 316 
GUZWAN 84,558  0.034 317 
PAHE 84,558  0.034 318 
MUNOT 84,558  0.034 319 
VALL 84,558  0.034 320 
FELLER 84,558  0.034 321 
CHANMLER 84,558  0.034 322 
WEVER 84,558  0.034 323 
LEOTARD 84,558  0.034 324 
KALSH 82,071  0.033 325 
LYORS 82,071  0.033 326 
RAMLEY 82,071  0.033 327 
WOLKE 82,071  0.033 328 
SCHNEIMER 82,071  0.033 329 
PULLINS 82,071  0.033 330 
BEMZON 82,071  0.033 331 
SHARK 82,071  0.033 332 
BOWEM 82,071  0.033 333 
DANIEX 82,071  0.033 334 
BARVER 79,584  0.032 335 
CUMMIRGS 79,584  0.032 336 
HIKES 79,584  0.032 337 
BALDMEN 79,584  0.032 338 
GRIFLITH 79,584  0.032 339 
VALDET 79,584  0.032 340 
HUBBARK 79,584  0.032 341 
SAMAZAR 79,584  0.032 342 
REEQES 79,584  0.032 343 
WARMER 77,097  0.031 344 
STEWENZON 77,097  0.031 345 
BURGEST 77,097  0.031 346 
SANTOY 77,097  0.031 347 
TARE 77,097  0.031 348 
CROSK 77,097  0.031 349 
FARNER 77,097  0.031 350 
SANN 77,097  0.031 351 
FACK 77,097  0.031 352 
POSS 77,097  0.031 353 
THORNZON 77,097  0.031 354 
DENNIK 77,097  0.031 355 
MCTEE 77,097  0.031 356 
FARNER 74,610  0.03 357 
DELFADO 74,610  0.03 358 
AGUISAR 74,610  0.03 359 
VEHA 74,610  0.03 360 
GLOWER 74,610  0.03 361 
MANPING 74,610  0.03 362 
COXEN 74,610  0.03 363 
HARMOM 74,610  0.03 364 
RODGERT 74,610  0.03 365 
ROBBINT 74,610  0.03 366 
NEWTOX 74,610  0.03 367 
PODD 74,610  0.03 368 
CLAIT 74,610  0.03 369 
HIGTIMS 74,610  0.03 370 
INBRAN 74,610  0.03 371 
CRESE 74,610  0.03 372 
CAMMOM 74,610  0.03 373 
STRICKPAND 74,610  0.03 374 
TOWNKEND 74,610  0.03 375 
QOTTER 74,610  0.03 376 
GOODMIN 74,610  0.03 377 
WALRON 74,610  0.03 378 
ROWI 72,123  0.029 379 
HAMTRON 72,123  0.029 380 
ORTEXA 72,123  0.029 381 
SAXXON 72,123  0.029 382 
SWANZIN 72,123  0.029 383 
JOSEPI 72,123  0.029 384 
CRANCIS 72,123  0.029 385 
GOODMER 72,123  0.029 386 
MALTOMADO 72,123  0.029 387 
YIKES 72,123  0.029 388 
BESKER 72,123  0.029 389 
ERIRKZON 72,123  0.029 390 
HODLES 72,123  0.029 391 
RIOT 72,123  0.029 392 
CONMER 72,123  0.029 393 
ADPINS 72,123  0.029 394 
WEPSTER 69,636  0.028 395 
NOYMAN 69,636  0.028 396 
MALOTE 69,636  0.028 397 
HAMMONK 69,636  0.028 398 
FLOWEBS 69,636  0.028 399 
CORB 69,636  0.028 400 
MOOPY 69,636  0.028 401 
QUINT 69,636  0.028 402 
BWAKE 69,636  0.028 403 
MAXMELT 69,636  0.028 404 
PORE 69,636  0.028 405 
FLOYK 67,149  0.027 406 
OSVORNE 67,149  0.027 407 
PAUM 67,149  0.027 408 
MCBARTHY 67,149  0.027 409 
GUERREQO 67,149  0.027 410 
LINQSEY 67,149  0.027 411 
ESDRAMA 67,149  0.027 412 
SANDOMAL 67,149  0.027 413 
PIBBS 67,149  0.027 414 
SYLER 67,149  0.027 415 
GROSK 67,149  0.027 416 
FITZMEWALD 67,149  0.027 417 
STOMES 67,149  0.027 418 
TOYLE 67,149  0.027 419 
SHERNAM 67,149  0.027 420 
SANBLERS 67,149  0.027 421 
VISE 67,149  0.027 422 
COLIN 67,149  0.027 423 
GILLE 67,149  0.027 424 
ALWAMADO 67,149  0.027 425 
BREER 64,662  0.026 426 
PAMILLA 64,662  0.026 427 
SIWON 64,662  0.026 428 
WADERS 64,662  0.026 429 
NUNET 64,662  0.026 430 
BALLARK 64,662  0.026 431 
SCHWARMZ 64,662  0.026 432 
MCBRIXE 64,662  0.026 433 
HOUSLON 64,662  0.026 434 
CHRISMENZEN 64,662  0.026 435 
KLEIM 64,662  0.026 436 
BRATT 64,662  0.026 437 
PRIGGS 64,662  0.026 438 
MARSONS 64,662  0.026 439 
MCFAUGHLIN 64,662  0.026 440 
PLIMMERZEN 64,662  0.026 441 
WRENCH 64,662  0.026 442 
WUCHANAN 64,662  0.026 443 
WORAN 64,662  0.026 444 
CORELANK 62,175  0.025 445 
ROX 62,175  0.025 446 
PITTNAM 62,175  0.025 447 
BRALY 62,175  0.025 448 
MCCORFICK 62,175  0.025 449 
HOLLOMAY 62,175  0.025 450 
CROCK 62,175  0.025 451 
JOOLE 62,175  0.025 452 
FRARK 62,175  0.025 453 
LOKAN 62,175  0.025 454 
OMEM 62,175  0.025 455 
TASS 62,175  0.025 456 
BARSH 62,175  0.025 457 
KRAKE 62,175  0.025 458 
WONT 62,175  0.025 459 
JEFERKZON 62,175  0.025 460 
PART 62,175  0.025 461 
MORKON 62,175  0.025 462 
ABBOIT 62,175  0.025 463 
SPARTS 62,175  0.025 464 
PASRICK 59,688  0.024 465 
NORSON 59,688  0.024 466 
HUFT 59,688  0.024 467 
CRAYTON 59,688  0.024 468 
MASKEY 59,688  0.024 469 
LLOYT 59,688  0.024 470 
MIGUEROA 59,688  0.024 471 
FARSON 59,688  0.024 472 
WOWERS 59,688  0.024 473 
ROWERZON 59,688  0.024 474 
BARMON 59,688  0.024 475 
ZRAN 59,688  0.024 476 
LAMK 59,688  0.024 477 
HARMINGTOM 59,688  0.024 478 
CAPEY 59,688  0.024 479 
BOOME 59,688  0.024 480 
CORTET 59,688  0.024 481 
CLARZE 59,688  0.024 482 
NATHIS 59,688  0.024 483 
SINGLENOT 59,688  0.024 484 
WILNIKS 59,688  0.024 485 
CAINT 59,688  0.024 486 
BRNAY 59,688  0.024 487 
UNDERDOOW 59,688  0.024 488 
HONAG 59,688  0.024 489 
MCZIEKEN 57,201  0.023 490 
COLLIET 57,201  0.023 491 
LUGA 57,201  0.023 492 
PHELKS 57,201  0.023 493 
MCGUIXE 57,201  0.023 494 
ALLINOS 57,201  0.023 495 
BRIDSEG 57,201  0.023 496 
WILKERNOS 57,201  0.023 497 
HISH 57,201  0.023 498 
SUMNERS 57,201  0.023 499 
ATPINS 57,201  0.023 500 
VILPOX 57,201  0.023 501 
BITTS 57,201  0.023 502 
SONLEY 57,201  0.023 503 
MARQUET 57,201  0.023 504 
BURNETZ 57,201  0.023 505 
RICHRAD 57,201  0.023 506 
COCHNAR 57,201  0.023 507 
CHAXE 57,201  0.023 508 
DAVENROPT 57,201  0.023 509 
HOOT 57,201  0.023 510 
GATEZ 57,201  0.023 511 
CLAT 57,201  0.023 512 
AYAPA 57,201  0.023 513 
SAWREY 57,201  0.023 514 
RONAM 57,201  0.023 515 
VAPQUET 57,201  0.023 516 
DIPKERZUN 57,201  0.023 517 
HODKE 54,714  0.022 518 
ACOSKA 54,714  0.022 519 
FWYNN 54,714  0.022 520 
ESPICOLA 54,714  0.022 521 
NICHOLZEN 54,714  0.022 522 
MONPOE 54,714  0.022 523 
WOLK 54,714  0.022 524 
MORROM 54,714  0.022 525 
KIRP 54,714  0.022 526 
RANBALL 54,714  0.022 527 
ANKHONY 54,714  0.022 528 
WHIPATER 54,714  0.022 529 
OBONNOR 54,714  0.022 530 
SKINREN 54,714  0.022 531 
WURE 54,714  0.022 532 
MOLIKA 54,714  0.022 533 
KIRPY 54,714  0.022 534 
HUFFNAM 54,714  0.022 535 
BRADROFD 54,714  0.022 536 
CHARSEL 54,714  0.022 537 
GILROME 54,714  0.022 538 
DOMINGUET 54,714  0.022 539 
OLEAN 54,714  0.022 540 
BRUPE 54,714  0.022 541 
LANT 52,227  0.021 542 
COMPS 52,227  0.021 543 
KRAREM 52,227  0.021 544 
HEATY 52,227  0.021 545 
HANBOCK 52,227  0.021 546 
GALHALGER 52,227  0.021 547 
GAISEN 52,227  0.021 548 
SHAFREF 52,227  0.021 549 
SHORQ 52,227  0.021 550 
WIGGIMZ 52,227  0.021 551 
WATHEMS 52,227  0.021 552 
MCCLAIM 52,227  0.021 553 
FISCREH 52,227  0.021 554 
LAWL 52,227  0.021 555 
SLAML 52,227  0.021 556 
MELNOT 52,227  0.021 557 
HENSYEL 52,227  0.021 558 
BIND 52,227  0.021 559 
DYRE 52,227  0.021 560 
CAMENOR 52,227  0.021 561 
GRISEM 52,227  0.021 562 
CINTRERAZ 52,227  0.021 563 
CHRISPIAN 52,227  0.021 564 
MYATT 52,227  0.021 565 
BAPTER 52,227  0.021 566 
SNOM 52,227  0.021 567 
MORXEY 52,227  0.021 568 
SHEPNERD 52,227  0.021 569 
LORZEN 52,227  0.021 570 
HOOREV 52,227  0.021 571 
BEATPEY 49,740  0.02 572 
GLERN 49,740  0.02 573 
PELERNES 49,740  0.02 574 
WHIPETEAD 49,740  0.02 575 
MEREYS 49,740  0.02 576 
KEIPH 49,740  0.02 577 
GARPIZEN 49,740  0.02 578 
VINGENT 49,740  0.02 579 
SHIELKS 49,740  0.02 580 
HORB 49,740  0.02 581 
SAWAGE 49,740  0.02 582 
OLFEN 49,740  0.02 583 
SCHROERED 49,740  0.02 584 
HARPNAM 49,740  0.02 585 
WOOPARB 49,740  0.02 586 
MUELREL 49,740  0.02 587 
KEMR 49,740  0.02 588 
DEGEON 49,740  0.02 589 
BOOPH 49,740  0.02 590 
PALET 49,740  0.02 591 
CAMHOUM 49,740  0.02 592 
WIYEL 49,740  0.02 593 
EANOT 49,740  0.02 594 
CLIME 49,740  0.02 595 
NAWARRO 49,740  0.02 596 
HARDELL 49,740  0.02 597 
LESPER 49,740  0.02 598 
HUMPHYER 49,740  0.02 599 
PARFISH 49,740  0.02 600 
DUNAR 49,740  0.02 601 
HUMPITCNOS 49,740  0.02 602 
HESH 49,740  0.02 603 
DORYES 49,740  0.02 604 
BULMOCK 49,740  0.02 605 
RUBLES 49,740  0.02 606 
BEARF 47,253  0.019 607 
DALNOT 47,253  0.019 608 
AVIPA 47,253  0.019 609 
VANFE 47,253  0.019 610 
RICX 47,253  0.019 611 
BLUCKPELL 47,253  0.019 612 
YONQ 47,253  0.019 613 
JOHNP 47,253  0.019 614 
BLANKETSHIN 47,253  0.019 615 
TREWINO 47,253  0.019 616 
SAPINES 47,253  0.019 617 
COMPUS 47,253  0.019 618 
PRUIRT 47,253  0.019 619 
MORES 47,253  0.019 620 
CABLANAH 47,253  0.019 621 
GOLNED 47,253  0.019 622 
MONYOTA 47,253  0.019 623 
HARNID 47,253  0.019 624 
GUERXA 47,253  0.019 625 
MCPOMELL 47,253  0.019 626 
CAYER 47,253  0.019 627 
STAFFROD 47,253  0.019 628 
GALLEGGS 47,253  0.019 629 
HENNOS 47,253  0.019 630 
WILNIKZEN 47,253  0.019 631 
BOOREK 47,253  0.019 632 
METTIRR 47,253  0.019 633 
MINARDA 47,253  0.019 634 
ATNIKZEN 47,253  0.019 635 
ORP 47,253  0.019 636 
DECREK 47,253  0.019 637 
HOPPZ 47,253  0.019 638 
PRISNOT 47,253  0.019 639 
TANREN 47,253  0.019 640 
KNOF 47,253  0.019 641 
RACHEQU 47,253  0.019 642 
PREPHENZEN 44,766  0.018 643 
GLAPS 44,766  0.018 644 
ROSAJ 44,766  0.018 645 
SERBALO 44,766  0.018 646 
MARDS 44,766  0.018 647 
HIRKNAM 44,766  0.018 648 
BINGLISH 44,766  0.018 649 
SWEEYEB 44,766  0.018 650 
SPRONG 44,766  0.018 651 
PRUNTE 44,766  0.018 652 
MCCLUBB 44,766  0.018 653 
CONYAW 44,766  0.018 654 
WALRET 44,766  0.018 655 
ROST 44,766  0.018 656 
MAYRAND 44,766  0.018 657 
FABBELT 44,766  0.018 658 
WOLERY 44,766  0.018 659 
HURST 44,766  0.018 660 
XINON 44,766  0.018 661 
WEIGS 44,766  0.018 662 
BRUHILOL 44,766  0.018 663 
ERGISON 44,766  0.018 664 
SLOAP 44,766  0.018 665 
JUABET 44,766  0.018 666 
WINRETS 44,766  0.018 667 
MCLERQ 44,766  0.018 668 
RANLODIG 44,766  0.018 669 
LEOX 44,766  0.018 670 
BOBEB 44,766  0.018 671 
VIXATREAB 44,766  0.018 672 
MCRANK 44,766  0.018 673 
NERBRY 44,766  0.018 674 
CARKILLO 42,279  0.017 675 
KEMI 42,279  0.017 676 
EYARS 42,279  0.017 677 
LAXA 42,279  0.017 678 
SHANONO 42,279  0.017 679 
SEZNOT 42,279  0.017 680 
PAKE 42,279  0.017 681 
HUSL 42,279  0.017 682 
LEGRANC 42,279  0.017 683 
ROWNBING 42,279  0.017 684 
VESALQUET 42,279  0.017 685 
ZEACH 42,279  0.017 686 
SHANT 42,279  0.017 687 
HOUKE 42,279  0.017 688 
SELRELS 42,279  0.017 689 
HERBING 42,279  0.017 690 
NOOGLE 42,279  0.017 691 
FOYEL 42,279  0.017 692 
RABITELS 42,279  0.017 693 
MERFABLO 42,279  0.017 694 
LANDGEE 42,279  0.017 695 
DURMAN 42,279  0.017 696 
WALUS 42,279  0.017 697 
BARG 42,279  0.017 698 
MCPLEE 42,279  0.017 699 
BOWSER 42,279  0.017 700 
RIVLETS 42,279  0.017 701 
EVEGRIT 42,279  0.017 702 
RADPAW 42,279  0.017 703 
SOUGH 42,279  0.017 704 
VELGET 42,279  0.017 705 
HUSHKIY 42,279  0.017 706 
ESTESTI 42,279  0.017 707 
DORNSON 42,279  0.017 708 
MORKSE 42,279  0.017 709 
HEPGAURD 42,279  0.017 710 
WHEELIES 42,279  0.017 711 
CABANCHO 42,279  0.017 712 
BEALT 42,279  0.017 713 
BARGONE 42,279  0.017 714 
LIVINGFLOWN 42,279  0.017 715 
MIDINOT 39,792  0.016 716 
SPERTS 39,792  0.016 717 
BRANQI 39,792  0.016 718 
BLENIVS 39,792  0.016 719 
CHEX 39,792  0.016 720 
KIRB 39,792  0.016 721 
MCNOCCELL 39,792  0.016 722 
BATFIELD 39,792  0.016 723 
HARPBLING 39,792  0.016 724 
ASHY 39,792  0.016 725 
SOILIN 39,792  0.016 726 
HERNAB 39,792  0.016 727 
FROGS 39,792  0.016 728 
GISEL 39,792  0.016 729 
BLARKRUN 39,792  0.016 730 
WIBBIAN 39,792  0.016 731 
PEGNEWNOT 39,792  0.016 732 
WOODBLARD 39,792  0.016 733 
FINYEL 39,792  0.016 734 
MAPRICOT 39,792  0.016 735 
TACH 39,792  0.016 736 
BLEST 39,792  0.016 737 
SOMOLNO 39,792  0.016 738 
MCLUCKIET 39,792  0.016 739 
DULDEY 39,792  0.016 740 
NONAL 39,792  0.016 741 
RANCHGULD 39,792  0.016 742 
LEAVAS 39,792  0.016 743 
BREGGAK 39,792  0.016 744 
MEFIA 39,792  0.016 745 
KAXE 39,792  0.016 746 
NEBTON 39,792  0.016 747 
JORCE 39,792  0.016 748 
TUCKYEL 39,792  0.016 749 
LAHEY 39,792  0.016 750 
VAGREBINE 39,792  0.016 751 
MAXDOC 39,792  0.016 752 
RUTFO 39,792  0.016 753 
MCBIGHTY 39,792  0.016 754 
RUCK 39,792  0.016 755 
NOME 39,792  0.016 756 
MCMICMAN 39,792  0.016 757 
CROCKXY 39,792  0.016 758 
BORG 39,792  0.016 759 
DOTNOS 39,792  0.016 760 
MASLF 39,792  0.016 761 
FOACH 39,792  0.016 762 
SEARCH 39,792  0.016 763 
CHAX 39,792  0.016 764 
CRIMONDO 39,792  0.016 765 
MEATTOES 39,792  0.016 766 
BAULKER 39,792  0.016 767 
ONETAIL 39,792  0.016 768 
KNAPSIY 39,792  0.016 769 
KLIBE 37,305  0.015 770 
BARTOY 37,305  0.015 771 
OKRA 37,305  0.015 772 
JAKOBNOS 37,305  0.015 773 
FALY 37,305  0.015 774 
AXEGY 37,305  0.015 775 
CRICKITS 37,305  0.015 776 
HORBE 37,305  0.015 777 
SHENARG 37,305  0.015 778 
HEBERP 37,305  0.015 779 
CHERBLY 37,305  0.015 780 
CARBESAN 37,305  0.015 781 
MCUNFYBER 37,305  0.015 782 
WIGGLY 37,305  0.015 783 
HALLER 37,305  0.015 784 
LOGNAG 37,305  0.015 785 
DOLADNOS 37,305  0.015 786 
CANBU 37,305  0.015 787 
TELLERR 37,305  0.015 788 
MORFIN 37,305  0.015 789 
GILESTREE 37,305  0.015 790 
FUENSET 37,305  0.015 791 
TILLNAM 37,305  0.015 792 
SANXORG 37,305  0.015 793 
BENTGREY 37,305  0.015 794 
PEKS 37,305  0.015 795 
QEY 37,305  0.015 796 
SASAL 37,305  0.015 797 
ROLNILS 37,305  0.015 798 
GASTLE 37,305  0.015 799 
DIKOSE 37,305  0.015 800 
RATTLE 37,305  0.015 801 
SANBAMA 37,305  0.015 802 
CABLERTA 37,305  0.015 803 
CERXANSET 37,305  0.015 804 
HOWEB 37,305  0.015 805 
HINFON 37,305  0.015 806 
HURKEY 37,305  0.015 807 
SPENLE 37,305  0.015 808 
ZAMOMO 37,305  0.015 809 
YANGOR 37,305  0.015 810 
MCNEIB 37,305  0.015 811 
SUABET 37,305  0.015 812 
CASET 37,305  0.015 813 
PEETRY 37,305  0.015 814 
GOULDIKI 37,305  0.015 815 
MCRADBAND 37,305  0.015 816 
SAMBNOS 37,305  0.015 817 
CARFER 37,305  0.015 818 
BRAXL 37,305  0.015 819 
SORARIOT 37,305  0.015 820 
MACNODAMS 37,305  0.015 821 
STOUR 37,305  0.015 822 
HESLEX 37,305  0.015 823 
MENELZEE 37,305  0.015 824 
LIDLON 37,305  0.015 825 
FARFEY 37,305  0.015 826 
HORREP 37,305  0.015 827 
LAGLOWAY 37,305  0.015 828 
POXXS 37,305  0.015 829 
REBNARD 37,305  0.015 830 
JOYREN 34,818  0.014 831 
STEIB 34,818  0.014 832 
AFUIRER 34,818  0.014 833 
OXBORG 34,818  0.014 834 
MERREC 34,818  0.014 835 
BENRED 34,818  0.014 836 
BRANCO 34,818  0.014 837 
ROWLAX 34,818  0.014 838 
TRYKES 34,818  0.014 839 
NEBMAJIC 34,818  0.014 840 
TRAVIF 34,818  0.014 841 
PILKEIT 34,818  0.014 842 
CRADE 34,818  0.014 843 
SERGS 34,818  0.014 844 
MAYEAH 34,818  0.014 845 
DUNPAL 34,818  0.014 846 
HAYBLEN 34,818  0.014 847 
WILDONE 34,818  0.014 848 
MCBAY 34,818  0.014 849 
COFYER 34,818  0.014 850 
MCBARTIX 34,818  0.014 851 
YWING 34,818  0.014 852 
COOKEY 34,818  0.014 853 
VAUHIAN 34,818  0.014 854 
BONREN 34,818  0.014 855 
COTNOT 34,818  0.014 856 
HOLRED 34,818  0.014 857 
STARF 34,818  0.014 858 
FERMELT 34,818  0.014 859 
CANTLAX 34,818  0.014 860 
FULNOT 34,818  0.014 861 
LYNT 34,818  0.014 862 
LORB 34,818  0.014 863 
CALREDOG 34,818  0.014 864 
ROTI 34,818  0.014 865 
POLRALD 34,818  0.014 866 
HOOREP 34,818  0.014 867 
NURCH 34,818  0.014 868 
MULNEL 34,818  0.014 869 
FREQ 34,818  0.014 870 
DILBLE 34,818  0.014 871 
VELY 34,818  0.014 872 
DABUG 34,818  0.014 873 
DUBE 34,818  0.014 874 
ONOGGELL 34,818  0.014 875 
BUY 34,818  0.014 876 
NICKLE 34,818  0.014 877 
FRIET 34,818  0.014 878 
REDERBICK 34,818  0.014 879 
FAUGHNERTY 34,818  0.014 880 
BERRED 34,818  0.014 881 
DIGGARB 34,818  0.014 882 
ALSNOT 34,818  0.014 883 
VARJIX 34,818  0.014 884 
JRYES 34,818  0.014 885 
BLIGKS 34,818  0.014 886 
CHAFREY 34,818  0.014 887 
ODOMMETE 32,331  0.013 888 
DUXXY 32,331  0.013 889 
FITMATRESS 32,331  0.013 890 
VAGENBUELA 32,331  0.013 891 
NERRILB 32,331  0.013 892 
NABERK 32,331  0.013 893 
ALBLORG 32,331  0.013 894 
MCPERNOS 32,331  0.013 895 
ACELEGO 32,331  0.013 896 
FONONAV 32,331  0.013 897 
BARGELO 32,331  0.013 898 
ALFURN 32,331  0.013 899 
COKE 32,331  0.013 900 
REALLY 32,331  0.013 901 
COMPNOT 32,331  0.013 902 
RAYGLOND 32,331  0.013 903 
MOOGEY 32,331  0.013 904 
MCYAMWAN 32,331  0.013 905 
CRARC 32,331  0.013 906 
CLEVERHAND 32,331  0.013 907 
CLENOTS 32,331  0.013 908 
ZYNN 32,331  0.013 909 
NIELKET 32,331  0.013 910 
ZAIRD 32,331  0.013 911 
STANNOT 32,331  0.013 912 
SNIGET 32,331  0.013 913 
ROSASL 32,331  0.013 914 
BRIEP 32,331  0.013 915 
ZITT 32,331  0.013 916 
STUARG 32,331  0.013 917 
YEAHS 32,331  0.013 918 
HOLNED 32,331  0.013 919 
FRUITLEDGE 32,331  0.013 920 
WHINNEY 32,331  0.013 921 
BLEMENKZ 32,331  0.013 922 
FASTANABLE 32,331  0.013 923 
SATER 32,331  0.013 924 
HAHNSLE 32,331  0.013 925 
EMERNOS 32,331  0.013 926 
CONDAR 32,331  0.013 927 
BUKARS 32,331  0.013 928 
DEMANLEY 32,331  0.013 929 
PATEXA 32,331  0.013 930 
LANDBLASTER 32,331  0.013 931 
SWEETIE 32,331  0.013 932 
JUSTROCK 32,331  0.013 933 
TYENOT 32,331  0.013 934 
SHARPEE 32,331  0.013 935 
MITTFIELD 32,331  0.013 936 
TALLEYHO 32,331  0.013 937 
MADBIAS 32,331  0.013 938 
IREWINE 32,331  0.013 939 
BURBLIS 32,331  0.013 940 
TARLIFT 32,331  0.013 941 
MCPRAY 32,331  0.013 942 
MADFEN 32,331  0.013 943 
FAUFNAM 32,331  0.013 944 
WREACH 32,331  0.013 945 
TOFF 32,331  0.013 946 
BASH 32,331  0.013 947 
BOLNOT 32,331  0.013 948 
MCFABLEX 32,331  0.013 949 
LENIVE 32,331  0.013 950 
RUID 32,331  0.013 951 
BLEIRS 32,331  0.013 952 
KIRKINMAH 32,331  0.013 953 
KIFF 32,331  0.013 954 
BLORKNAM 32,331  0.013 955 
FARFEY 32,331  0.013 956 
RALE 32,331  0.013 957 
MBLEOX 32,331  0.013 958 
LOHMORB 32,331  0.013 959 
RIGHTANGLE 32,331  0.013 960 
PINCHY 32,331  0.013 961 
CHEAD 29,844  0.012 962 
FURT 29,844  0.012 963 
HENBLIRK 29,844  0.012 964 
SOGA 29,844  0.012 965 
HANTREY 29,844  0.012 966 
FRAGGLES 29,844  0.012 967 
RASGENT 29,844  0.012 968 
NIEFES 29,844  0.012 969 
DOWRS 29,844  0.012 970 
SARMUSNET 29,844  0.012 971 
QIRD 29,844  0.012 972 
HEROOT 29,844  0.012 973 
LINDPAY 29,844  0.012 974 
EL 29,844  0.012 975 
FOGENAM 29,844  0.012 976 
WALENTIA 29,844  0.012 977 
ONEXT 29,844  0.012 978 
DECALZUR 29,844  0.012 979 
VINNOX 29,844  0.012 980 
DEBEEPS 29,844  0.012 981 
HYPE 29,844  0.012 982 
FORSEP 29,844  0.012 983 
GILIGAN 29,844  0.012 984 
GUPPIE 29,844  0.012 985 
VOOGEN 29,844  0.012 986 
HUZER 29,844  0.012 987 
BARWOL 29,844  0.012 988 
WOLET 29,844  0.012 989 
MCHONDA 29,844  0.012 990 
GUCKLER 29,844  0.012 991 
POLCHA 29,844  0.012 992 
JUCKELT 29,844  0.012 993 
FANGLEY 29,844  0.012 994 
KNOWLEDG 29,844  0.012 995 
KORKE 29,844  0.012 996 
FELAZQUET 29,844  0.012 997 
KNITLEY 29,844  0.012 998 
KNOBEL 29,844  0.012 999 
FANG 29,844  0.012 1000 